896
32
969
531
812
156
34
868
921
716
592
462
376
767
771
930
986
722
378
381
253
645
511
117
908
996
813
501
93
655
988
910
580
942
669
595
421
613
905
863
479
928
843
349
347
483
430
235
628
337
545
51
936
183
920
495
612
795
44
337
791
438
898
317
669
988
936
604
571
12
684
830
66
760
671
98
516
195
358
141
428
641
706
845
994
472
397
616
836
729
29
494
264
787
286
432
717
444
159
587
298
29
878
189
910
409
887
587
151
321
951
516
830
31
184
870
623
13
85
403
982
610
549
255
645
120
844
809
594
429
493
603
669
715
644
240
711
662
559
10
543
850
941
261
502
735
375
163
714
554
915
252
95
697
919
113
457
50
634
190
223
848
942
10
81
155
690
36
666
196
132
307
432
826
819
58
176
283
723
527
879
675
474
151
995
618
847
895
321
917
306
441
623
619
910
561
409
666
907
675
